solid stl file generated from AC3D
 facet normal -1.000000 0.000000 0.000000
  outer loop
   vertex 0.002750 -0.000000 0.000000
   vertex 0.002750 -0.000000 0.073500
   vertex 0.002750 0.019023 0.070996
  endloop
 endfacet
 facet normal -1.000000 0.000000 0.000000
  outer loop
   vertex 0.002750 -0.000000 0.000000
   vertex 0.002750 -0.019023 0.070996
   vertex 0.002750 -0.000000 0.073500
  endloop
 endfacet
 facet normal -1.000000 0.000000 0.000000
  outer loop
   vertex 0.002750 -0.000000 0.000000
   vertex 0.002750 -0.036750 0.063653
   vertex 0.002750 -0.019023 0.070996
  endloop
 endfacet
 facet normal -1.000000 0.000000 0.000000
  outer loop
   vertex 0.002750 -0.000000 0.000000
   vertex 0.002750 -0.051972 0.051972
   vertex 0.002750 -0.036750 0.063653
  endloop
 endfacet
 facet normal -1.000000 0.000000 0.000000
  outer loop
   vertex 0.002750 -0.000000 0.000000
   vertex 0.002750 -0.063653 0.036750
   vertex 0.002750 -0.051972 0.051972
  endloop
 endfacet
 facet normal -1.000000 0.000000 0.000000
  outer loop
   vertex 0.002750 -0.000000 0.000000
   vertex 0.002750 -0.070996 0.019023
   vertex 0.002750 -0.063653 0.036750
  endloop
 endfacet
 facet normal -1.000000 0.000000 0.000000
  outer loop
   vertex 0.002750 -0.000000 0.000000
   vertex 0.002750 -0.073500 0.000000
   vertex 0.002750 -0.070996 0.019023
  endloop
 endfacet
 facet normal -1.000000 0.000000 0.000000
  outer loop
   vertex 0.002750 -0.000000 0.000000
   vertex 0.002750 -0.070996 -0.019023
   vertex 0.002750 -0.073500 0.000000
  endloop
 endfacet
 facet normal -1.000000 0.000000 0.000000
  outer loop
   vertex 0.002750 -0.000000 0.000000
   vertex 0.002750 -0.063653 -0.036750
   vertex 0.002750 -0.070996 -0.019023
  endloop
 endfacet
 facet normal -1.000000 0.000000 0.000000
  outer loop
   vertex 0.002750 -0.000000 0.000000
   vertex 0.002750 -0.051972 -0.051972
   vertex 0.002750 -0.063653 -0.036750
  endloop
 endfacet
 facet normal -1.000000 0.000000 0.000000
  outer loop
   vertex 0.002750 -0.000000 0.000000
   vertex 0.002750 -0.036750 -0.063653
   vertex 0.002750 -0.051972 -0.051972
  endloop
 endfacet
 facet normal -1.000000 0.000000 0.000000
  outer loop
   vertex 0.002750 -0.000000 0.000000
   vertex 0.002750 -0.019023 -0.070996
   vertex 0.002750 -0.036750 -0.063653
  endloop
 endfacet
 facet normal -1.000000 0.000000 0.000000
  outer loop
   vertex 0.002750 -0.000000 0.000000
   vertex 0.002750 0.000000 -0.073500
   vertex 0.002750 -0.019023 -0.070996
  endloop
 endfacet
 facet normal -1.000000 0.000000 0.000000
  outer loop
   vertex 0.002750 -0.000000 0.000000
   vertex 0.002750 0.019023 -0.070996
   vertex 0.002750 0.000000 -0.073500
  endloop
 endfacet
 facet normal -1.000000 0.000000 0.000000
  outer loop
   vertex 0.002750 -0.000000 0.000000
   vertex 0.002750 0.036750 -0.063653
   vertex 0.002750 0.019023 -0.070996
  endloop
 endfacet
 facet normal -1.000000 0.000000 0.000000
  outer loop
   vertex 0.002750 -0.000000 0.000000
   vertex 0.002750 0.051972 -0.051972
   vertex 0.002750 0.036750 -0.063653
  endloop
 endfacet
 facet normal -1.000000 0.000000 0.000000
  outer loop
   vertex 0.002750 -0.000000 0.000000
   vertex 0.002750 0.063653 -0.036750
   vertex 0.002750 0.051972 -0.051972
  endloop
 endfacet
 facet normal -1.000000 0.000000 0.000000
  outer loop
   vertex 0.002750 -0.000000 0.000000
   vertex 0.002750 0.070996 -0.019023
   vertex 0.002750 0.063653 -0.036750
  endloop
 endfacet
 facet normal -1.000000 0.000000 0.000000
  outer loop
   vertex 0.002750 -0.000000 0.000000
   vertex 0.002750 0.073500 0.000000
   vertex 0.002750 0.070996 -0.019023
  endloop
 endfacet
 facet normal -1.000000 0.000000 0.000000
  outer loop
   vertex 0.002750 -0.000000 0.000000
   vertex 0.002750 0.070996 0.019023
   vertex 0.002750 0.073500 0.000000
  endloop
 endfacet
 facet normal -1.000000 0.000000 0.000000
  outer loop
   vertex 0.002750 -0.000000 0.000000
   vertex 0.002750 0.063653 0.036750
   vertex 0.002750 0.070996 0.019023
  endloop
 endfacet
 facet normal -1.000000 0.000000 0.000000
  outer loop
   vertex 0.002750 -0.000000 0.000000
   vertex 0.002750 0.051972 0.051972
   vertex 0.002750 0.063653 0.036750
  endloop
 endfacet
 facet normal -1.000000 0.000000 0.000000
  outer loop
   vertex 0.002750 -0.000000 0.000000
   vertex 0.002750 0.036750 0.063653
   vertex 0.002750 0.051972 0.051972
  endloop
 endfacet
 facet normal -1.000000 0.000000 0.000000
  outer loop
   vertex 0.002750 -0.000000 0.000000
   vertex 0.002750 0.019023 0.070996
   vertex 0.002750 0.036750 0.063653
  endloop
 endfacet
 facet normal 1.000000 0.000000 0.000000
  outer loop
   vertex 0.019750 -0.000000 0.000000
   vertex 0.019750 0.019023 0.070996
   vertex 0.019750 -0.000000 0.073500
  endloop
 endfacet
 facet normal 1.000000 0.000000 0.000000
  outer loop
   vertex 0.019750 -0.000000 0.000000
   vertex 0.019750 -0.000000 0.073500
   vertex 0.019750 -0.019023 0.070996
  endloop
 endfacet
 facet normal 1.000000 0.000000 0.000000
  outer loop
   vertex 0.019750 -0.000000 0.000000
   vertex 0.019750 -0.019023 0.070996
   vertex 0.019750 -0.036750 0.063653
  endloop
 endfacet
 facet normal 1.000000 0.000000 0.000000
  outer loop
   vertex 0.019750 -0.000000 0.000000
   vertex 0.019750 -0.036750 0.063653
   vertex 0.019750 -0.051972 0.051972
  endloop
 endfacet
 facet normal 1.000000 0.000000 0.000000
  outer loop
   vertex 0.019750 -0.000000 0.000000
   vertex 0.019750 -0.051972 0.051972
   vertex 0.019750 -0.063653 0.036750
  endloop
 endfacet
 facet normal 1.000000 0.000000 0.000000
  outer loop
   vertex 0.019750 -0.000000 0.000000
   vertex 0.019750 -0.063653 0.036750
   vertex 0.019750 -0.070996 0.019023
  endloop
 endfacet
 facet normal 1.000000 0.000000 0.000000
  outer loop
   vertex 0.019750 -0.000000 0.000000
   vertex 0.019750 -0.070996 0.019023
   vertex 0.019750 -0.073500 0.000000
  endloop
 endfacet
 facet normal 1.000000 0.000000 0.000000
  outer loop
   vertex 0.019750 -0.000000 0.000000
   vertex 0.019750 -0.073500 0.000000
   vertex 0.019750 -0.070996 -0.019023
  endloop
 endfacet
 facet normal 1.000000 0.000000 0.000000
  outer loop
   vertex 0.019750 -0.000000 0.000000
   vertex 0.019750 -0.070996 -0.019023
   vertex 0.019750 -0.063653 -0.036750
  endloop
 endfacet
 facet normal 1.000000 0.000000 0.000000
  outer loop
   vertex 0.019750 -0.000000 0.000000
   vertex 0.019750 -0.063653 -0.036750
   vertex 0.019750 -0.051972 -0.051972
  endloop
 endfacet
 facet normal 1.000000 0.000000 0.000000
  outer loop
   vertex 0.019750 -0.000000 0.000000
   vertex 0.019750 -0.051972 -0.051972
   vertex 0.019750 -0.036750 -0.063653
  endloop
 endfacet
 facet normal 1.000000 0.000000 0.000000
  outer loop
   vertex 0.019750 -0.000000 0.000000
   vertex 0.019750 -0.036750 -0.063653
   vertex 0.019750 -0.019023 -0.070996
  endloop
 endfacet
 facet normal 1.000000 0.000000 0.000000
  outer loop
   vertex 0.019750 -0.000000 0.000000
   vertex 0.019750 -0.019023 -0.070996
   vertex 0.019750 0.000000 -0.073500
  endloop
 endfacet
 facet normal 1.000000 0.000000 0.000000
  outer loop
   vertex 0.019750 -0.000000 0.000000
   vertex 0.019750 0.000000 -0.073500
   vertex 0.019750 0.019023 -0.070996
  endloop
 endfacet
 facet normal 1.000000 0.000000 0.000000
  outer loop
   vertex 0.019750 -0.000000 0.000000
   vertex 0.019750 0.019023 -0.070996
   vertex 0.019750 0.036750 -0.063653
  endloop
 endfacet
 facet normal 1.000000 0.000000 0.000000
  outer loop
   vertex 0.019750 -0.000000 0.000000
   vertex 0.019750 0.036750 -0.063653
   vertex 0.019750 0.051972 -0.051972
  endloop
 endfacet
 facet normal 1.000000 0.000000 0.000000
  outer loop
   vertex 0.019750 -0.000000 0.000000
   vertex 0.019750 0.051972 -0.051972
   vertex 0.019750 0.063653 -0.036750
  endloop
 endfacet
 facet normal 1.000000 0.000000 0.000000
  outer loop
   vertex 0.019750 -0.000000 0.000000
   vertex 0.019750 0.063653 -0.036750
   vertex 0.019750 0.070996 -0.019023
  endloop
 endfacet
 facet normal 1.000000 0.000000 0.000000
  outer loop
   vertex 0.019750 -0.000000 0.000000
   vertex 0.019750 0.070996 -0.019023
   vertex 0.019750 0.073500 0.000000
  endloop
 endfacet
 facet normal 1.000000 0.000000 0.000000
  outer loop
   vertex 0.019750 -0.000000 0.000000
   vertex 0.019750 0.073500 0.000000
   vertex 0.019750 0.070996 0.019023
  endloop
 endfacet
 facet normal 1.000000 0.000000 0.000000
  outer loop
   vertex 0.019750 -0.000000 0.000000
   vertex 0.019750 0.070996 0.019023
   vertex 0.019750 0.063653 0.036750
  endloop
 endfacet
 facet normal 1.000000 0.000000 0.000000
  outer loop
   vertex 0.019750 -0.000000 0.000000
   vertex 0.019750 0.063653 0.036750
   vertex 0.019750 0.051972 0.051972
  endloop
 endfacet
 facet normal 1.000000 0.000000 0.000000
  outer loop
   vertex 0.019750 -0.000000 0.000000
   vertex 0.019750 0.051972 0.051972
   vertex 0.019750 0.036750 0.063653
  endloop
 endfacet
 facet normal 1.000000 0.000000 0.000000
  outer loop
   vertex 0.019750 -0.000000 0.000000
   vertex 0.019750 0.036750 0.063653
   vertex 0.019750 0.019023 0.070996
  endloop
 endfacet
 facet normal 0.000000 0.130528 0.991445
  outer loop
   vertex 0.002750 0.019023 0.070996
   vertex 0.019750 -0.000000 0.073500
   vertex 0.019750 0.019023 0.070996
  endloop
 endfacet
 facet normal 0.000000 0.130528 0.991445
  outer loop
   vertex 0.019750 -0.000000 0.073500
   vertex 0.002750 0.019023 0.070996
   vertex 0.002750 -0.000000 0.073500
  endloop
 endfacet
 facet normal 0.000000 -0.130528 0.991445
  outer loop
   vertex 0.002750 -0.000000 0.073500
   vertex 0.019750 -0.019023 0.070996
   vertex 0.019750 -0.000000 0.073500
  endloop
 endfacet
 facet normal 0.000000 -0.130528 0.991445
  outer loop
   vertex 0.019750 -0.019023 0.070996
   vertex 0.002750 -0.000000 0.073500
   vertex 0.002750 -0.019023 0.070996
  endloop
 endfacet
 facet normal 0.000000 -0.382691 0.923877
  outer loop
   vertex 0.002750 -0.019023 0.070996
   vertex 0.019750 -0.036750 0.063653
   vertex 0.019750 -0.019023 0.070996
  endloop
 endfacet
 facet normal 0.000000 -0.382691 0.923877
  outer loop
   vertex 0.019750 -0.036750 0.063653
   vertex 0.002750 -0.019023 0.070996
   vertex 0.002750 -0.036750 0.063653
  endloop
 endfacet
 facet normal 0.000000 -0.608756 0.793357
  outer loop
   vertex 0.002750 -0.036750 0.063653
   vertex 0.019750 -0.051972 0.051972
   vertex 0.019750 -0.036750 0.063653
  endloop
 endfacet
 facet normal 0.000000 -0.608756 0.793357
  outer loop
   vertex 0.019750 -0.051972 0.051972
   vertex 0.002750 -0.036750 0.063653
   vertex 0.002750 -0.051972 0.051972
  endloop
 endfacet
 facet normal 0.000000 -0.793355 0.608759
  outer loop
   vertex 0.002750 -0.063653 0.036750
   vertex 0.019750 -0.051972 0.051972
   vertex 0.002750 -0.051972 0.051972
  endloop
 endfacet
 facet normal 0.000000 -0.793355 0.608759
  outer loop
   vertex 0.019750 -0.051972 0.051972
   vertex 0.002750 -0.063653 0.036750
   vertex 0.019750 -0.063653 0.036750
  endloop
 endfacet
 facet normal 0.000000 -0.923879 0.382684
  outer loop
   vertex 0.002750 -0.070996 0.019023
   vertex 0.019750 -0.063653 0.036750
   vertex 0.002750 -0.063653 0.036750
  endloop
 endfacet
 facet normal 0.000000 -0.923879 0.382684
  outer loop
   vertex 0.019750 -0.063653 0.036750
   vertex 0.002750 -0.070996 0.019023
   vertex 0.019750 -0.070996 0.019023
  endloop
 endfacet
 facet normal 0.000000 -0.991445 0.130524
  outer loop
   vertex 0.002750 -0.073500 0.000000
   vertex 0.019750 -0.070996 0.019023
   vertex 0.002750 -0.070996 0.019023
  endloop
 endfacet
 facet normal 0.000000 -0.991445 0.130524
  outer loop
   vertex 0.019750 -0.070996 0.019023
   vertex 0.002750 -0.073500 0.000000
   vertex 0.019750 -0.073500 0.000000
  endloop
 endfacet
 facet normal 0.000000 -0.991445 -0.130529
  outer loop
   vertex 0.002750 -0.070996 -0.019023
   vertex 0.019750 -0.073500 0.000000
   vertex 0.002750 -0.073500 0.000000
  endloop
 endfacet
 facet normal 0.000000 -0.991445 -0.130529
  outer loop
   vertex 0.019750 -0.073500 0.000000
   vertex 0.002750 -0.070996 -0.019023
   vertex 0.019750 -0.070996 -0.019023
  endloop
 endfacet
 facet normal 0.000000 -0.923881 -0.382680
  outer loop
   vertex 0.002750 -0.063653 -0.036750
   vertex 0.019750 -0.070996 -0.019023
   vertex 0.002750 -0.070996 -0.019023
  endloop
 endfacet
 facet normal 0.000000 -0.923881 -0.382680
  outer loop
   vertex 0.019750 -0.070996 -0.019023
   vertex 0.002750 -0.063653 -0.036750
   vertex 0.019750 -0.063653 -0.036750
  endloop
 endfacet
 facet normal 0.000000 -0.793352 -0.608763
  outer loop
   vertex 0.002750 -0.051972 -0.051972
   vertex 0.019750 -0.063653 -0.036750
   vertex 0.002750 -0.063653 -0.036750
  endloop
 endfacet
 facet normal 0.000000 -0.793352 -0.608763
  outer loop
   vertex 0.019750 -0.063653 -0.036750
   vertex 0.002750 -0.051972 -0.051972
   vertex 0.019750 -0.051972 -0.051972
  endloop
 endfacet
 facet normal 0.000000 -0.608759 -0.793355
  outer loop
   vertex 0.002750 -0.051972 -0.051972
   vertex 0.019750 -0.036750 -0.063653
   vertex 0.019750 -0.051972 -0.051972
  endloop
 endfacet
 facet normal 0.000000 -0.608759 -0.793355
  outer loop
   vertex 0.019750 -0.036750 -0.063653
   vertex 0.002750 -0.051972 -0.051972
   vertex 0.002750 -0.036750 -0.063653
  endloop
 endfacet
 facet normal 0.000000 -0.382684 -0.923879
  outer loop
   vertex 0.002750 -0.036750 -0.063653
   vertex 0.019750 -0.019023 -0.070996
   vertex 0.019750 -0.036750 -0.063653
  endloop
 endfacet
 facet normal 0.000000 -0.382684 -0.923879
  outer loop
   vertex 0.019750 -0.019023 -0.070996
   vertex 0.002750 -0.036750 -0.063653
   vertex 0.002750 -0.019023 -0.070996
  endloop
 endfacet
 facet normal 0.000000 -0.130528 -0.991445
  outer loop
   vertex 0.002750 -0.019023 -0.070996
   vertex 0.019750 0.000000 -0.073500
   vertex 0.019750 -0.019023 -0.070996
  endloop
 endfacet
 facet normal 0.000000 -0.130528 -0.991445
  outer loop
   vertex 0.019750 0.000000 -0.073500
   vertex 0.002750 -0.019023 -0.070996
   vertex 0.002750 0.000000 -0.073500
  endloop
 endfacet
 facet normal 0.000000 0.130529 -0.991445
  outer loop
   vertex 0.002750 0.000000 -0.073500
   vertex 0.019750 0.019023 -0.070996
   vertex 0.019750 0.000000 -0.073500
  endloop
 endfacet
 facet normal 0.000000 0.130529 -0.991445
  outer loop
   vertex 0.019750 0.019023 -0.070996
   vertex 0.002750 0.000000 -0.073500
   vertex 0.002750 0.019023 -0.070996
  endloop
 endfacet
 facet normal 0.000000 0.382684 -0.923879
  outer loop
   vertex 0.002750 0.019023 -0.070996
   vertex 0.019750 0.036750 -0.063653
   vertex 0.019750 0.019023 -0.070996
  endloop
 endfacet
 facet normal 0.000000 0.382684 -0.923879
  outer loop
   vertex 0.019750 0.036750 -0.063653
   vertex 0.002750 0.019023 -0.070996
   vertex 0.002750 0.036750 -0.063653
  endloop
 endfacet
 facet normal 0.000000 0.608760 -0.793355
  outer loop
   vertex 0.002750 0.036750 -0.063653
   vertex 0.019750 0.051972 -0.051972
   vertex 0.019750 0.036750 -0.063653
  endloop
 endfacet
 facet normal 0.000000 0.608760 -0.793355
  outer loop
   vertex 0.019750 0.051972 -0.051972
   vertex 0.002750 0.036750 -0.063653
   vertex 0.002750 0.051972 -0.051972
  endloop
 endfacet
 facet normal 0.000000 0.793355 -0.608760
  outer loop
   vertex 0.019750 0.051972 -0.051972
   vertex 0.002750 0.063653 -0.036750
   vertex 0.019750 0.063653 -0.036750
  endloop
 endfacet
 facet normal 0.000000 0.793355 -0.608760
  outer loop
   vertex 0.002750 0.063653 -0.036750
   vertex 0.019750 0.051972 -0.051972
   vertex 0.002750 0.051972 -0.051972
  endloop
 endfacet
 facet normal 0.000000 0.923881 -0.382680
  outer loop
   vertex 0.019750 0.063653 -0.036750
   vertex 0.002750 0.070996 -0.019023
   vertex 0.019750 0.070996 -0.019023
  endloop
 endfacet
 facet normal 0.000000 0.923881 -0.382680
  outer loop
   vertex 0.002750 0.070996 -0.019023
   vertex 0.019750 0.063653 -0.036750
   vertex 0.002750 0.063653 -0.036750
  endloop
 endfacet
 facet normal 0.000000 0.991444 -0.130529
  outer loop
   vertex 0.019750 0.070996 -0.019023
   vertex 0.002750 0.073500 0.000000
   vertex 0.019750 0.073500 0.000000
  endloop
 endfacet
 facet normal 0.000000 0.991444 -0.130529
  outer loop
   vertex 0.002750 0.073500 0.000000
   vertex 0.019750 0.070996 -0.019023
   vertex 0.002750 0.070996 -0.019023
  endloop
 endfacet
 facet normal 0.000000 0.991444 0.130529
  outer loop
   vertex 0.019750 0.073500 0.000000
   vertex 0.002750 0.070996 0.019023
   vertex 0.019750 0.070996 0.019023
  endloop
 endfacet
 facet normal 0.000000 0.991444 0.130529
  outer loop
   vertex 0.002750 0.070996 0.019023
   vertex 0.019750 0.073500 0.000000
   vertex 0.002750 0.073500 0.000000
  endloop
 endfacet
 facet normal 0.000000 0.923881 0.382680
  outer loop
   vertex 0.019750 0.070996 0.019023
   vertex 0.002750 0.063653 0.036750
   vertex 0.019750 0.063653 0.036750
  endloop
 endfacet
 facet normal 0.000000 0.923881 0.382680
  outer loop
   vertex 0.002750 0.063653 0.036750
   vertex 0.019750 0.070996 0.019023
   vertex 0.002750 0.070996 0.019023
  endloop
 endfacet
 facet normal 0.000000 0.793355 0.608760
  outer loop
   vertex 0.019750 0.063653 0.036750
   vertex 0.002750 0.051972 0.051972
   vertex 0.019750 0.051972 0.051972
  endloop
 endfacet
 facet normal 0.000000 0.793355 0.608760
  outer loop
   vertex 0.002750 0.051972 0.051972
   vertex 0.019750 0.063653 0.036750
   vertex 0.002750 0.063653 0.036750
  endloop
 endfacet
 facet normal 0.000000 0.608759 0.793355
  outer loop
   vertex 0.002750 0.051972 0.051972
   vertex 0.019750 0.036750 0.063653
   vertex 0.019750 0.051972 0.051972
  endloop
 endfacet
 facet normal 0.000000 0.608759 0.793355
  outer loop
   vertex 0.019750 0.036750 0.063653
   vertex 0.002750 0.051972 0.051972
   vertex 0.002750 0.036750 0.063653
  endloop
 endfacet
 facet normal 0.000000 0.382684 0.923879
  outer loop
   vertex 0.002750 0.036750 0.063653
   vertex 0.019750 0.019023 0.070996
   vertex 0.019750 0.036750 0.063653
  endloop
 endfacet
 facet normal 0.000000 0.382684 0.923879
  outer loop
   vertex 0.019750 0.019023 0.070996
   vertex 0.002750 0.036750 0.063653
   vertex 0.002750 0.019023 0.070996
  endloop
 endfacet
endsolid
