solid stl file generated from AC3D
 facet normal -0.991450 -0.130488 0.000000
  outer loop
   vertex 0.349090 -0.008282 0.002000
   vertex 0.349090 -0.008282 0.096000
   vertex 0.348000 0.000000 0.002000
  endloop
 endfacet
 facet normal -0.991450 -0.130488 0.000000
  outer loop
   vertex 0.348000 0.000000 0.096000
   vertex 0.348000 0.000000 0.002000
   vertex 0.349090 -0.008282 0.096000
  endloop
 endfacet
 facet normal 0.991450 0.130488 0.000000
  outer loop
   vertex 0.348000 0.000000 0.002000
   vertex 0.349090 -0.008282 0.096000
   vertex 0.349090 -0.008282 0.002000
  endloop
 endfacet
 facet normal 0.991450 0.130488 0.000000
  outer loop
   vertex 0.349090 -0.008282 0.096000
   vertex 0.348000 0.000000 0.002000
   vertex 0.348000 0.000000 0.096000
  endloop
 endfacet
 facet normal -0.991450 0.130488 0.000000
  outer loop
   vertex 0.348000 0.000000 0.002000
   vertex 0.348000 0.000000 0.096000
   vertex 0.349090 0.008282 0.002000
  endloop
 endfacet
 facet normal -0.991450 0.130488 0.000000
  outer loop
   vertex 0.349090 0.008282 0.096000
   vertex 0.349090 0.008282 0.002000
   vertex 0.348000 0.000000 0.096000
  endloop
 endfacet
 facet normal 0.991450 -0.130488 0.000000
  outer loop
   vertex 0.349090 0.008282 0.002000
   vertex 0.348000 0.000000 0.096000
   vertex 0.348000 0.000000 0.002000
  endloop
 endfacet
 facet normal 0.991450 -0.130488 0.000000
  outer loop
   vertex 0.348000 0.000000 0.096000
   vertex 0.349090 0.008282 0.002000
   vertex 0.349090 0.008282 0.096000
  endloop
 endfacet
 facet normal -0.923876 0.382692 0.000000
  outer loop
   vertex 0.349090 0.008282 0.002000
   vertex 0.349090 0.008282 0.096000
   vertex 0.352287 0.016000 0.002000
  endloop
 endfacet
 facet normal -0.923876 0.382692 0.000000
  outer loop
   vertex 0.352287 0.016000 0.096000
   vertex 0.352287 0.016000 0.002000
   vertex 0.349090 0.008282 0.096000
  endloop
 endfacet
 facet normal 0.923876 -0.382692 0.000000
  outer loop
   vertex 0.352287 0.016000 0.002000
   vertex 0.349090 0.008282 0.096000
   vertex 0.349090 0.008282 0.002000
  endloop
 endfacet
 facet normal 0.923876 -0.382692 0.000000
  outer loop
   vertex 0.349090 0.008282 0.096000
   vertex 0.352287 0.016000 0.002000
   vertex 0.352287 0.016000 0.096000
  endloop
 endfacet
 facet normal -0.130513 0.991447 0.000000
  outer loop
   vertex 0.000000 0.071000 0.002000
   vertex -0.018376 0.068581 0.002000
   vertex 0.000000 0.071000 0.315000
  endloop
 endfacet
 facet normal -0.130513 0.991447 0.000000
  outer loop
   vertex -0.018376 0.068581 0.315000
   vertex 0.000000 0.071000 0.315000
   vertex -0.018376 0.068581 0.002000
  endloop
 endfacet
 facet normal 0.130513 -0.991447 0.000000
  outer loop
   vertex 0.000000 0.071000 0.315000
   vertex -0.018376 0.068581 0.002000
   vertex 0.000000 0.071000 0.002000
  endloop
 endfacet
 facet normal 0.130513 -0.991447 0.000000
  outer loop
   vertex -0.018376 0.068581 0.002000
   vertex 0.000000 0.071000 0.315000
   vertex -0.018376 0.068581 0.315000
  endloop
 endfacet
 facet normal -0.130486 0.991450 0.000000
  outer loop
   vertex 0.371718 0.030910 0.002000
   vertex 0.371718 0.030910 0.096000
   vertex 0.380000 0.032000 0.002000
  endloop
 endfacet
 facet normal -0.130486 0.991450 0.000000
  outer loop
   vertex 0.380000 0.032000 0.096000
   vertex 0.380000 0.032000 0.002000
   vertex 0.371718 0.030910 0.096000
  endloop
 endfacet
 facet normal 0.130486 -0.991450 0.000000
  outer loop
   vertex 0.380000 0.032000 0.002000
   vertex 0.371718 0.030910 0.096000
   vertex 0.371718 0.030910 0.002000
  endloop
 endfacet
 facet normal 0.130486 -0.991450 0.000000
  outer loop
   vertex 0.371718 0.030910 0.096000
   vertex 0.380000 0.032000 0.002000
   vertex 0.380000 0.032000 0.096000
  endloop
 endfacet
 facet normal -0.382694 -0.923875 0.000000
  outer loop
   vertex 0.388282 0.030910 0.002000
   vertex 0.396000 0.027713 0.002000
   vertex 0.388282 0.030910 0.096000
  endloop
 endfacet
 facet normal -0.382694 -0.923875 0.000000
  outer loop
   vertex 0.396000 0.027713 0.096000
   vertex 0.388282 0.030910 0.096000
   vertex 0.396000 0.027713 0.002000
  endloop
 endfacet
 facet normal 0.382694 0.923875 0.000000
  outer loop
   vertex 0.388282 0.030910 0.096000
   vertex 0.396000 0.027713 0.002000
   vertex 0.388282 0.030910 0.002000
  endloop
 endfacet
 facet normal 0.382694 0.923875 0.000000
  outer loop
   vertex 0.396000 0.027713 0.002000
   vertex 0.388282 0.030910 0.096000
   vertex 0.396000 0.027713 0.096000
  endloop
 endfacet
 facet normal -0.608832 -0.793300 0.000000
  outer loop
   vertex 0.396000 0.027713 0.002000
   vertex 0.402627 0.022627 0.002000
   vertex 0.396000 0.027713 0.096000
  endloop
 endfacet
 facet normal -0.608832 -0.793300 0.000000
  outer loop
   vertex 0.402627 0.022627 0.096000
   vertex 0.396000 0.027713 0.096000
   vertex 0.402627 0.022627 0.002000
  endloop
 endfacet
 facet normal 0.608832 0.793300 0.000000
  outer loop
   vertex 0.396000 0.027713 0.096000
   vertex 0.402627 0.022627 0.002000
   vertex 0.396000 0.027713 0.002000
  endloop
 endfacet
 facet normal 0.608832 0.793300 0.000000
  outer loop
   vertex 0.402627 0.022627 0.002000
   vertex 0.396000 0.027713 0.096000
   vertex 0.402627 0.022627 0.096000
  endloop
 endfacet
 facet normal -0.793300 -0.608831 0.000000
  outer loop
   vertex 0.407713 0.016000 0.002000
   vertex 0.407713 0.016000 0.096000
   vertex 0.402627 0.022627 0.002000
  endloop
 endfacet
 facet normal -0.793300 -0.608831 0.000000
  outer loop
   vertex 0.402627 0.022627 0.096000
   vertex 0.402627 0.022627 0.002000
   vertex 0.407713 0.016000 0.096000
  endloop
 endfacet
 facet normal 0.793300 0.608831 0.000000
  outer loop
   vertex 0.402627 0.022627 0.002000
   vertex 0.407713 0.016000 0.096000
   vertex 0.407713 0.016000 0.002000
  endloop
 endfacet
 facet normal 0.793300 0.608831 0.000000
  outer loop
   vertex 0.407713 0.016000 0.096000
   vertex 0.402627 0.022627 0.002000
   vertex 0.402627 0.022627 0.096000
  endloop
 endfacet
 facet normal -0.923875 -0.382695 0.000000
  outer loop
   vertex 0.410910 0.008282 0.002000
   vertex 0.410910 0.008282 0.096000
   vertex 0.407713 0.016000 0.002000
  endloop
 endfacet
 facet normal -0.923875 -0.382695 0.000000
  outer loop
   vertex 0.407713 0.016000 0.096000
   vertex 0.407713 0.016000 0.002000
   vertex 0.410910 0.008282 0.096000
  endloop
 endfacet
 facet normal 0.923875 0.382695 0.000000
  outer loop
   vertex 0.407713 0.016000 0.002000
   vertex 0.410910 0.008282 0.096000
   vertex 0.410910 0.008282 0.002000
  endloop
 endfacet
 facet normal 0.923875 0.382695 0.000000
  outer loop
   vertex 0.410910 0.008282 0.096000
   vertex 0.407713 0.016000 0.002000
   vertex 0.407713 0.016000 0.096000
  endloop
 endfacet
 facet normal -0.991450 -0.130484 0.000000
  outer loop
   vertex 0.412000 0.000000 0.002000
   vertex 0.412000 0.000000 0.096000
   vertex 0.410910 0.008282 0.002000
  endloop
 endfacet
 facet normal -0.991450 -0.130484 0.000000
  outer loop
   vertex 0.410910 0.008282 0.096000
   vertex 0.410910 0.008282 0.002000
   vertex 0.412000 0.000000 0.096000
  endloop
 endfacet
 facet normal 0.991450 0.130484 0.000000
  outer loop
   vertex 0.410910 0.008282 0.002000
   vertex 0.412000 0.000000 0.096000
   vertex 0.412000 0.000000 0.002000
  endloop
 endfacet
 facet normal 0.991450 0.130484 0.000000
  outer loop
   vertex 0.412000 0.000000 0.096000
   vertex 0.410910 0.008282 0.002000
   vertex 0.410910 0.008282 0.096000
  endloop
 endfacet
 facet normal 0.000000 0.000000 1.000000
  outer loop
   vertex 0.292373 0.071000 0.096000
   vertex 0.300921 0.061074 0.096000
   vertex 0.380000 0.071000 0.096000
  endloop
 endfacet
 facet normal 0.000000 0.000000 1.000000
  outer loop
   vertex 0.308118 0.050129 0.096000
   vertex 0.380000 0.071000 0.096000
   vertex 0.300921 0.061074 0.096000
  endloop
 endfacet
 facet normal 0.000000 0.000000 1.000000
  outer loop
   vertex 0.313844 0.038347 0.096000
   vertex 0.380000 0.071000 0.096000
   vertex 0.308118 0.050129 0.096000
  endloop
 endfacet
 facet normal 0.000000 0.000000 1.000000
  outer loop
   vertex 0.318003 0.025926 0.096000
   vertex 0.380000 0.071000 0.096000
   vertex 0.313844 0.038347 0.096000
  endloop
 endfacet
 facet normal 0.000000 0.000000 1.000000
  outer loop
   vertex 0.320527 0.013072 0.096000
   vertex 0.380000 0.071000 0.096000
   vertex 0.318003 0.025926 0.096000
  endloop
 endfacet
 facet normal 0.000000 0.000000 1.000000
  outer loop
   vertex 0.321373 0.000000 0.096000
   vertex 0.380000 0.071000 0.096000
   vertex 0.320527 0.013072 0.096000
  endloop
 endfacet
 facet normal 0.000000 0.000000 1.000000
  outer loop
   vertex 0.352287 0.016000 0.096000
   vertex 0.380000 0.071000 0.096000
   vertex 0.321373 0.000000 0.096000
  endloop
 endfacet
 facet normal 0.000000 0.000000 1.000000
  outer loop
   vertex 0.349090 0.008282 0.096000
   vertex 0.352287 0.016000 0.096000
   vertex 0.321373 0.000000 0.096000
  endloop
 endfacet
 facet normal 0.000000 0.000000 1.000000
  outer loop
   vertex 0.348000 0.000000 0.096000
   vertex 0.349090 0.008282 0.096000
   vertex 0.321373 0.000000 0.096000
  endloop
 endfacet
 facet normal 0.000000 0.000000 1.000000
  outer loop
   vertex 0.357373 0.022627 0.096000
   vertex 0.380000 0.071000 0.096000
   vertex 0.352287 0.016000 0.096000
  endloop
 endfacet
 facet normal 0.000000 0.000000 1.000000
  outer loop
   vertex 0.364000 0.027713 0.096000
   vertex 0.380000 0.071000 0.096000
   vertex 0.357373 0.022627 0.096000
  endloop
 endfacet
 facet normal 0.000000 0.000000 1.000000
  outer loop
   vertex 0.371718 0.030910 0.096000
   vertex 0.380000 0.071000 0.096000
   vertex 0.364000 0.027713 0.096000
  endloop
 endfacet
 facet normal 0.000000 0.000000 1.000000
  outer loop
   vertex 0.380000 0.032000 0.096000
   vertex 0.380000 0.071000 0.096000
   vertex 0.371718 0.030910 0.096000
  endloop
 endfacet
 facet normal 0.000000 0.000000 1.000000
  outer loop
   vertex 0.398376 0.068581 0.096000
   vertex 0.380000 0.071000 0.096000
   vertex 0.380000 0.032000 0.096000
  endloop
 endfacet
 facet normal 0.000000 0.000000 1.000000
  outer loop
   vertex 0.388282 0.030910 0.096000
   vertex 0.398376 0.068581 0.096000
   vertex 0.380000 0.032000 0.096000
  endloop
 endfacet
 facet normal 0.000000 0.000000 1.000000
  outer loop
   vertex 0.396000 0.027713 0.096000
   vertex 0.398376 0.068581 0.096000
   vertex 0.388282 0.030910 0.096000
  endloop
 endfacet
 facet normal 0.000000 0.000000 1.000000
  outer loop
   vertex 0.402627 0.022627 0.096000
   vertex 0.398376 0.068581 0.096000
   vertex 0.396000 0.027713 0.096000
  endloop
 endfacet
 facet normal 0.000000 0.000000 1.000000
  outer loop
   vertex 0.415500 0.061488 0.096000
   vertex 0.398376 0.068581 0.096000
   vertex 0.402627 0.022627 0.096000
  endloop
 endfacet
 facet normal 0.000000 0.000000 1.000000
  outer loop
   vertex 0.407713 0.016000 0.096000
   vertex 0.415500 0.061488 0.096000
   vertex 0.402627 0.022627 0.096000
  endloop
 endfacet
 facet normal 0.000000 0.000000 1.000000
  outer loop
   vertex 0.410910 0.008282 0.096000
   vertex 0.415500 0.061488 0.096000
   vertex 0.407713 0.016000 0.096000
  endloop
 endfacet
 facet normal 0.000000 0.000000 1.000000
  outer loop
   vertex 0.412000 0.000000 0.096000
   vertex 0.415500 0.061488 0.096000
   vertex 0.410910 0.008282 0.096000
  endloop
 endfacet
 facet normal 0.000000 0.000000 1.000000
  outer loop
   vertex 0.292373 -0.071000 0.096000
   vertex 0.380000 -0.071000 0.096000
   vertex 0.300921 -0.061074 0.096000
  endloop
 endfacet
 facet normal 0.000000 0.000000 1.000000
  outer loop
   vertex 0.308118 -0.050129 0.096000
   vertex 0.300921 -0.061074 0.096000
   vertex 0.380000 -0.071000 0.096000
  endloop
 endfacet
 facet normal 0.000000 0.000000 1.000000
  outer loop
   vertex 0.313844 -0.038347 0.096000
   vertex 0.308118 -0.050129 0.096000
   vertex 0.380000 -0.071000 0.096000
  endloop
 endfacet
 facet normal 0.000000 0.000000 1.000000
  outer loop
   vertex 0.318003 -0.025926 0.096000
   vertex 0.313844 -0.038347 0.096000
   vertex 0.380000 -0.071000 0.096000
  endloop
 endfacet
 facet normal 0.000000 0.000000 1.000000
  outer loop
   vertex 0.320527 -0.013072 0.096000
   vertex 0.318003 -0.025926 0.096000
   vertex 0.380000 -0.071000 0.096000
  endloop
 endfacet
 facet normal 0.000000 0.000000 1.000000
  outer loop
   vertex 0.321373 0.000000 0.096000
   vertex 0.320527 -0.013072 0.096000
   vertex 0.380000 -0.071000 0.096000
  endloop
 endfacet
 facet normal 0.000000 0.000000 1.000000
  outer loop
   vertex 0.352287 -0.016000 0.096000
   vertex 0.321373 0.000000 0.096000
   vertex 0.380000 -0.071000 0.096000
  endloop
 endfacet
 facet normal 0.000000 0.000000 1.000000
  outer loop
   vertex 0.349090 -0.008282 0.096000
   vertex 0.321373 0.000000 0.096000
   vertex 0.352287 -0.016000 0.096000
  endloop
 endfacet
 facet normal 0.000000 0.000000 1.000000
  outer loop
   vertex 0.348000 0.000000 0.096000
   vertex 0.321373 0.000000 0.096000
   vertex 0.349090 -0.008282 0.096000
  endloop
 endfacet
 facet normal 0.000000 0.000000 1.000000
  outer loop
   vertex 0.357373 -0.022627 0.096000
   vertex 0.352287 -0.016000 0.096000
   vertex 0.380000 -0.071000 0.096000
  endloop
 endfacet
 facet normal 0.000000 0.000000 1.000000
  outer loop
   vertex 0.364000 -0.027713 0.096000
   vertex 0.357373 -0.022627 0.096000
   vertex 0.380000 -0.071000 0.096000
  endloop
 endfacet
 facet normal 0.000000 0.000000 1.000000
  outer loop
   vertex 0.371718 -0.030910 0.096000
   vertex 0.364000 -0.027713 0.096000
   vertex 0.380000 -0.071000 0.096000
  endloop
 endfacet
 facet normal 0.000000 0.000000 1.000000
  outer loop
   vertex 0.380000 -0.032000 0.096000
   vertex 0.371718 -0.030910 0.096000
   vertex 0.380000 -0.071000 0.096000
  endloop
 endfacet
 facet normal 0.000000 0.000000 1.000000
  outer loop
   vertex 0.388282 -0.030910 0.096000
   vertex 0.380000 -0.032000 0.096000
   vertex 0.380000 -0.071000 0.096000
  endloop
 endfacet
 facet normal 0.000000 0.000000 1.000000
  outer loop
   vertex 0.398376 -0.068581 0.096000
   vertex 0.388282 -0.030910 0.096000
   vertex 0.380000 -0.071000 0.096000
  endloop
 endfacet
 facet normal 0.000000 0.000000 1.000000
  outer loop
   vertex 0.396000 -0.027713 0.096000
   vertex 0.388282 -0.030910 0.096000
   vertex 0.398376 -0.068581 0.096000
  endloop
 endfacet
 facet normal 0.000000 0.000000 1.000000
  outer loop
   vertex 0.402627 -0.022627 0.096000
   vertex 0.396000 -0.027713 0.096000
   vertex 0.398376 -0.068581 0.096000
  endloop
 endfacet
 facet normal 0.000000 0.000000 1.000000
  outer loop
   vertex 0.415500 -0.061488 0.096000
   vertex 0.402627 -0.022627 0.096000
   vertex 0.398376 -0.068581 0.096000
  endloop
 endfacet
 facet normal 0.000000 0.000000 1.000000
  outer loop
   vertex 0.407713 -0.016000 0.096000
   vertex 0.402627 -0.022627 0.096000
   vertex 0.415500 -0.061488 0.096000
  endloop
 endfacet
 facet normal 0.000000 0.000000 1.000000
  outer loop
   vertex 0.410910 -0.008282 0.096000
   vertex 0.407713 -0.016000 0.096000
   vertex 0.415500 -0.061488 0.096000
  endloop
 endfacet
 facet normal 0.000000 0.000000 1.000000
  outer loop
   vertex 0.412000 0.000000 0.096000
   vertex 0.410910 -0.008282 0.096000
   vertex 0.415500 -0.061488 0.096000
  endloop
 endfacet
 facet normal 0.000000 0.000000 1.000000
  outer loop
   vertex 0.415500 0.061488 0.096000
   vertex 0.412000 0.000000 0.096000
   vertex 0.415500 -0.061488 0.096000
  endloop
 endfacet
 facet normal 0.000000 0.000000 1.000000
  outer loop
   vertex 0.430205 0.050205 0.096000
   vertex 0.415500 0.061488 0.096000
   vertex 0.415500 -0.061488 0.096000
  endloop
 endfacet
 facet normal 0.000000 0.000000 1.000000
  outer loop
   vertex 0.430205 -0.050205 0.096000
   vertex 0.430205 0.050205 0.096000
   vertex 0.415500 -0.061488 0.096000
  endloop
 endfacet
 facet normal 0.000000 0.000000 1.000000
  outer loop
   vertex 0.441488 0.035500 0.096000
   vertex 0.430205 0.050205 0.096000
   vertex 0.430205 -0.050205 0.096000
  endloop
 endfacet
 facet normal 0.000000 0.000000 1.000000
  outer loop
   vertex 0.441488 -0.035500 0.096000
   vertex 0.441488 0.035500 0.096000
   vertex 0.430205 -0.050205 0.096000
  endloop
 endfacet
 facet normal 0.000000 0.000000 1.000000
  outer loop
   vertex 0.448581 0.018376 0.096000
   vertex 0.441488 0.035500 0.096000
   vertex 0.441488 -0.035500 0.096000
  endloop
 endfacet
 facet normal 0.000000 0.000000 1.000000
  outer loop
   vertex 0.448581 -0.018376 0.096000
   vertex 0.448581 0.018376 0.096000
   vertex 0.441488 -0.035500 0.096000
  endloop
 endfacet
 facet normal 0.000000 0.000000 1.000000
  outer loop
   vertex 0.451000 0.000000 0.096000
   vertex 0.448581 0.018376 0.096000
   vertex 0.448581 -0.018376 0.096000
  endloop
 endfacet
 facet normal 0.000000 0.000000 -1.000000
  outer loop
   vertex 0.380000 0.071000 0.096000
   vertex 0.300921 0.061074 0.096000
   vertex 0.292373 0.071000 0.096000
  endloop
 endfacet
 facet normal 0.000000 0.000000 -1.000000
  outer loop
   vertex 0.300921 0.061074 0.096000
   vertex 0.380000 0.071000 0.096000
   vertex 0.308118 0.050129 0.096000
  endloop
 endfacet
 facet normal 0.000000 0.000000 -1.000000
  outer loop
   vertex 0.308118 0.050129 0.096000
   vertex 0.380000 0.071000 0.096000
   vertex 0.313844 0.038347 0.096000
  endloop
 endfacet
 facet normal 0.000000 0.000000 -1.000000
  outer loop
   vertex 0.313844 0.038347 0.096000
   vertex 0.380000 0.071000 0.096000
   vertex 0.318003 0.025926 0.096000
  endloop
 endfacet
 facet normal 0.000000 0.000000 -1.000000
  outer loop
   vertex 0.318003 0.025926 0.096000
   vertex 0.380000 0.071000 0.096000
   vertex 0.320527 0.013072 0.096000
  endloop
 endfacet
 facet normal 0.000000 0.000000 -1.000000
  outer loop
   vertex 0.320527 0.013072 0.096000
   vertex 0.380000 0.071000 0.096000
   vertex 0.321373 0.000000 0.096000
  endloop
 endfacet
 facet normal 0.000000 0.000000 -1.000000
  outer loop
   vertex 0.321373 0.000000 0.096000
   vertex 0.380000 0.071000 0.096000
   vertex 0.352287 0.016000 0.096000
  endloop
 endfacet
 facet normal 0.000000 0.000000 -1.000000
  outer loop
   vertex 0.321373 0.000000 0.096000
   vertex 0.352287 0.016000 0.096000
   vertex 0.349090 0.008282 0.096000
  endloop
 endfacet
 facet normal 0.000000 0.000000 -1.000000
  outer loop
   vertex 0.321373 0.000000 0.096000
   vertex 0.349090 0.008282 0.096000
   vertex 0.348000 0.000000 0.096000
  endloop
 endfacet
 facet normal 0.000000 0.000000 -1.000000
  outer loop
   vertex 0.352287 0.016000 0.096000
   vertex 0.380000 0.071000 0.096000
   vertex 0.357373 0.022627 0.096000
  endloop
 endfacet
 facet normal 0.000000 0.000000 -1.000000
  outer loop
   vertex 0.357373 0.022627 0.096000
   vertex 0.380000 0.071000 0.096000
   vertex 0.364000 0.027713 0.096000
  endloop
 endfacet
 facet normal 0.000000 0.000000 -1.000000
  outer loop
   vertex 0.364000 0.027713 0.096000
   vertex 0.380000 0.071000 0.096000
   vertex 0.371718 0.030910 0.096000
  endloop
 endfacet
 facet normal 0.000000 0.000000 -1.000000
  outer loop
   vertex 0.371718 0.030910 0.096000
   vertex 0.380000 0.071000 0.096000
   vertex 0.380000 0.032000 0.096000
  endloop
 endfacet
 facet normal 0.000000 0.000000 -1.000000
  outer loop
   vertex 0.380000 0.032000 0.096000
   vertex 0.380000 0.071000 0.096000
   vertex 0.398376 0.068581 0.096000
  endloop
 endfacet
 facet normal 0.000000 0.000000 -1.000000
  outer loop
   vertex 0.380000 0.032000 0.096000
   vertex 0.398376 0.068581 0.096000
   vertex 0.388282 0.030910 0.096000
  endloop
 endfacet
 facet normal 0.000000 0.000000 -1.000000
  outer loop
   vertex 0.388282 0.030910 0.096000
   vertex 0.398376 0.068581 0.096000
   vertex 0.396000 0.027713 0.096000
  endloop
 endfacet
 facet normal 0.000000 0.000000 -1.000000
  outer loop
   vertex 0.396000 0.027713 0.096000
   vertex 0.398376 0.068581 0.096000
   vertex 0.402627 0.022627 0.096000
  endloop
 endfacet
 facet normal 0.000000 0.000000 -1.000000
  outer loop
   vertex 0.402627 0.022627 0.096000
   vertex 0.398376 0.068581 0.096000
   vertex 0.415500 0.061488 0.096000
  endloop
 endfacet
 facet normal 0.000000 0.000000 -1.000000
  outer loop
   vertex 0.402627 0.022627 0.096000
   vertex 0.415500 0.061488 0.096000
   vertex 0.407713 0.016000 0.096000
  endloop
 endfacet
 facet normal 0.000000 0.000000 -1.000000
  outer loop
   vertex 0.407713 0.016000 0.096000
   vertex 0.415500 0.061488 0.096000
   vertex 0.410910 0.008282 0.096000
  endloop
 endfacet
 facet normal 0.000000 0.000000 -1.000000
  outer loop
   vertex 0.410910 0.008282 0.096000
   vertex 0.415500 0.061488 0.096000
   vertex 0.412000 0.000000 0.096000
  endloop
 endfacet
 facet normal 0.000000 0.000000 -1.000000
  outer loop
   vertex 0.300921 -0.061074 0.096000
   vertex 0.380000 -0.071000 0.096000
   vertex 0.292373 -0.071000 0.096000
  endloop
 endfacet
 facet normal 0.000000 0.000000 -1.000000
  outer loop
   vertex 0.380000 -0.071000 0.096000
   vertex 0.300921 -0.061074 0.096000
   vertex 0.308118 -0.050129 0.096000
  endloop
 endfacet
 facet normal 0.000000 0.000000 -1.000000
  outer loop
   vertex 0.380000 -0.071000 0.096000
   vertex 0.308118 -0.050129 0.096000
   vertex 0.313844 -0.038347 0.096000
  endloop
 endfacet
 facet normal 0.000000 0.000000 -1.000000
  outer loop
   vertex 0.380000 -0.071000 0.096000
   vertex 0.313844 -0.038347 0.096000
   vertex 0.318003 -0.025926 0.096000
  endloop
 endfacet
 facet normal 0.000000 0.000000 -1.000000
  outer loop
   vertex 0.380000 -0.071000 0.096000
   vertex 0.318003 -0.025926 0.096000
   vertex 0.320527 -0.013072 0.096000
  endloop
 endfacet
 facet normal 0.000000 0.000000 -1.000000
  outer loop
   vertex 0.380000 -0.071000 0.096000
   vertex 0.320527 -0.013072 0.096000
   vertex 0.321373 0.000000 0.096000
  endloop
 endfacet
 facet normal 0.000000 0.000000 -1.000000
  outer loop
   vertex 0.380000 -0.071000 0.096000
   vertex 0.321373 0.000000 0.096000
   vertex 0.352287 -0.016000 0.096000
  endloop
 endfacet
 facet normal 0.000000 0.000000 -1.000000
  outer loop
   vertex 0.352287 -0.016000 0.096000
   vertex 0.321373 0.000000 0.096000
   vertex 0.349090 -0.008282 0.096000
  endloop
 endfacet
 facet normal 0.000000 0.000000 -1.000000
  outer loop
   vertex 0.349090 -0.008282 0.096000
   vertex 0.321373 0.000000 0.096000
   vertex 0.348000 0.000000 0.096000
  endloop
 endfacet
 facet normal 0.000000 0.000000 -1.000000
  outer loop
   vertex 0.380000 -0.071000 0.096000
   vertex 0.352287 -0.016000 0.096000
   vertex 0.357373 -0.022627 0.096000
  endloop
 endfacet
 facet normal 0.000000 0.000000 -1.000000
  outer loop
   vertex 0.380000 -0.071000 0.096000
   vertex 0.357373 -0.022627 0.096000
   vertex 0.364000 -0.027713 0.096000
  endloop
 endfacet
 facet normal 0.000000 0.000000 -1.000000
  outer loop
   vertex 0.380000 -0.071000 0.096000
   vertex 0.364000 -0.027713 0.096000
   vertex 0.371718 -0.030910 0.096000
  endloop
 endfacet
 facet normal 0.000000 0.000000 -1.000000
  outer loop
   vertex 0.380000 -0.071000 0.096000
   vertex 0.371718 -0.030910 0.096000
   vertex 0.380000 -0.032000 0.096000
  endloop
 endfacet
 facet normal 0.000000 0.000000 -1.000000
  outer loop
   vertex 0.380000 -0.071000 0.096000
   vertex 0.380000 -0.032000 0.096000
   vertex 0.388282 -0.030910 0.096000
  endloop
 endfacet
 facet normal 0.000000 0.000000 -1.000000
  outer loop
   vertex 0.380000 -0.071000 0.096000
   vertex 0.388282 -0.030910 0.096000
   vertex 0.398376 -0.068581 0.096000
  endloop
 endfacet
 facet normal 0.000000 0.000000 -1.000000
  outer loop
   vertex 0.398376 -0.068581 0.096000
   vertex 0.388282 -0.030910 0.096000
   vertex 0.396000 -0.027713 0.096000
  endloop
 endfacet
 facet normal 0.000000 0.000000 -1.000000
  outer loop
   vertex 0.398376 -0.068581 0.096000
   vertex 0.396000 -0.027713 0.096000
   vertex 0.402627 -0.022627 0.096000
  endloop
 endfacet
 facet normal 0.000000 0.000000 -1.000000
  outer loop
   vertex 0.398376 -0.068581 0.096000
   vertex 0.402627 -0.022627 0.096000
   vertex 0.415500 -0.061488 0.096000
  endloop
 endfacet
 facet normal 0.000000 0.000000 -1.000000
  outer loop
   vertex 0.415500 -0.061488 0.096000
   vertex 0.402627 -0.022627 0.096000
   vertex 0.407713 -0.016000 0.096000
  endloop
 endfacet
 facet normal 0.000000 0.000000 -1.000000
  outer loop
   vertex 0.415500 -0.061488 0.096000
   vertex 0.407713 -0.016000 0.096000
   vertex 0.410910 -0.008282 0.096000
  endloop
 endfacet
 facet normal 0.000000 0.000000 -1.000000
  outer loop
   vertex 0.415500 -0.061488 0.096000
   vertex 0.410910 -0.008282 0.096000
   vertex 0.412000 0.000000 0.096000
  endloop
 endfacet
 facet normal 0.000000 0.000000 -1.000000
  outer loop
   vertex 0.415500 -0.061488 0.096000
   vertex 0.412000 0.000000 0.096000
   vertex 0.415500 0.061488 0.096000
  endloop
 endfacet
 facet normal 0.000000 0.000000 -1.000000
  outer loop
   vertex 0.415500 -0.061488 0.096000
   vertex 0.415500 0.061488 0.096000
   vertex 0.430205 0.050205 0.096000
  endloop
 endfacet
 facet normal 0.000000 0.000000 -1.000000
  outer loop
   vertex 0.415500 -0.061488 0.096000
   vertex 0.430205 0.050205 0.096000
   vertex 0.430205 -0.050205 0.096000
  endloop
 endfacet
 facet normal 0.000000 0.000000 -1.000000
  outer loop
   vertex 0.430205 -0.050205 0.096000
   vertex 0.430205 0.050205 0.096000
   vertex 0.441488 0.035500 0.096000
  endloop
 endfacet
 facet normal 0.000000 0.000000 -1.000000
  outer loop
   vertex 0.430205 -0.050205 0.096000
   vertex 0.441488 0.035500 0.096000
   vertex 0.441488 -0.035500 0.096000
  endloop
 endfacet
 facet normal 0.000000 0.000000 -1.000000
  outer loop
   vertex 0.441488 -0.035500 0.096000
   vertex 0.441488 0.035500 0.096000
   vertex 0.448581 0.018376 0.096000
  endloop
 endfacet
 facet normal 0.000000 0.000000 -1.000000
  outer loop
   vertex 0.441488 -0.035500 0.096000
   vertex 0.448581 0.018376 0.096000
   vertex 0.448581 -0.018376 0.096000
  endloop
 endfacet
 facet normal 0.000000 0.000000 -1.000000
  outer loop
   vertex 0.448581 -0.018376 0.096000
   vertex 0.448581 0.018376 0.096000
   vertex 0.451000 0.000000 0.096000
  endloop
 endfacet
 facet normal -0.793300 0.608831 0.000000
  outer loop
   vertex 0.352287 0.016000 0.002000
   vertex 0.352287 0.016000 0.096000
   vertex 0.357373 0.022627 0.002000
  endloop
 endfacet
 facet normal -0.793300 0.608831 0.000000
  outer loop
   vertex 0.357373 0.022627 0.096000
   vertex 0.357373 0.022627 0.002000
   vertex 0.352287 0.016000 0.096000
  endloop
 endfacet
 facet normal 0.793300 -0.608831 0.000000
  outer loop
   vertex 0.357373 0.022627 0.002000
   vertex 0.352287 0.016000 0.096000
   vertex 0.352287 0.016000 0.002000
  endloop
 endfacet
 facet normal 0.793300 -0.608831 0.000000
  outer loop
   vertex 0.352287 0.016000 0.096000
   vertex 0.357373 0.022627 0.002000
   vertex 0.357373 0.022627 0.096000
  endloop
 endfacet
 facet normal -0.382694 0.923875 0.000000
  outer loop
   vertex 0.371718 0.030910 0.002000
   vertex 0.364000 0.027713 0.002000
   vertex 0.371718 0.030910 0.096000
  endloop
 endfacet
 facet normal -0.382694 0.923875 0.000000
  outer loop
   vertex 0.364000 0.027713 0.096000
   vertex 0.371718 0.030910 0.096000
   vertex 0.364000 0.027713 0.002000
  endloop
 endfacet
 facet normal 0.382694 -0.923875 0.000000
  outer loop
   vertex 0.371718 0.030910 0.096000
   vertex 0.364000 0.027713 0.002000
   vertex 0.371718 0.030910 0.002000
  endloop
 endfacet
 facet normal 0.382694 -0.923875 0.000000
  outer loop
   vertex 0.364000 0.027713 0.002000
   vertex 0.371718 0.030910 0.096000
   vertex 0.364000 0.027713 0.096000
  endloop
 endfacet
 facet normal -0.608832 0.793300 0.000000
  outer loop
   vertex 0.364000 0.027713 0.002000
   vertex 0.357373 0.022627 0.002000
   vertex 0.364000 0.027713 0.096000
  endloop
 endfacet
 facet normal -0.608832 0.793300 0.000000
  outer loop
   vertex 0.357373 0.022627 0.096000
   vertex 0.364000 0.027713 0.096000
   vertex 0.357373 0.022627 0.002000
  endloop
 endfacet
 facet normal 0.608832 -0.793300 0.000000
  outer loop
   vertex 0.364000 0.027713 0.096000
   vertex 0.357373 0.022627 0.002000
   vertex 0.364000 0.027713 0.002000
  endloop
 endfacet
 facet normal 0.608832 -0.793300 0.000000
  outer loop
   vertex 0.357373 0.022627 0.002000
   vertex 0.364000 0.027713 0.096000
   vertex 0.357373 0.022627 0.096000
  endloop
 endfacet
 facet normal 0.130486 0.991450 0.000000
  outer loop
   vertex 0.388282 0.030910 0.002000
   vertex 0.380000 0.032000 0.002000
   vertex 0.388282 0.030910 0.096000
  endloop
 endfacet
 facet normal 0.130486 0.991450 0.000000
  outer loop
   vertex 0.380000 0.032000 0.096000
   vertex 0.388282 0.030910 0.096000
   vertex 0.380000 0.032000 0.002000
  endloop
 endfacet
 facet normal -0.130486 -0.991450 0.000000
  outer loop
   vertex 0.388282 0.030910 0.096000
   vertex 0.380000 0.032000 0.002000
   vertex 0.388282 0.030910 0.002000
  endloop
 endfacet
 facet normal -0.130486 -0.991450 0.000000
  outer loop
   vertex 0.380000 0.032000 0.002000
   vertex 0.388282 0.030910 0.096000
   vertex 0.380000 0.032000 0.096000
  endloop
 endfacet
 facet normal -0.923879 0.382684 0.000000
  outer loop
   vertex -0.068581 0.018376 0.315000
   vertex -0.061488 0.035500 0.315000
   vertex -0.068581 0.018376 0.002000
  endloop
 endfacet
 facet normal -0.923879 0.382684 0.000000
  outer loop
   vertex -0.061488 0.035500 0.002000
   vertex -0.068581 0.018376 0.002000
   vertex -0.061488 0.035500 0.315000
  endloop
 endfacet
 facet normal 0.923879 -0.382684 0.000000
  outer loop
   vertex -0.068581 0.018376 0.002000
   vertex -0.061488 0.035500 0.315000
   vertex -0.068581 0.018376 0.315000
  endloop
 endfacet
 facet normal 0.923879 -0.382684 0.000000
  outer loop
   vertex -0.061488 0.035500 0.315000
   vertex -0.068581 0.018376 0.002000
   vertex -0.061488 0.035500 0.002000
  endloop
 endfacet
 facet normal 0.948255 -0.317510 0.000000
  outer loop
   vertex 0.313844 -0.038347 0.315000
   vertex 0.313844 -0.038347 0.096000
   vertex 0.318003 -0.025926 0.315000
  endloop
 endfacet
 facet normal 0.948255 -0.317510 0.000000
  outer loop
   vertex 0.318003 -0.025926 0.096000
   vertex 0.318003 -0.025926 0.315000
   vertex 0.313844 -0.038347 0.096000
  endloop
 endfacet
 facet normal -0.948255 0.317510 0.000000
  outer loop
   vertex 0.318003 -0.025926 0.315000
   vertex 0.313844 -0.038347 0.096000
   vertex 0.313844 -0.038347 0.315000
  endloop
 endfacet
 facet normal -0.948255 0.317510 0.000000
  outer loop
   vertex 0.313844 -0.038347 0.096000
   vertex 0.318003 -0.025926 0.315000
   vertex 0.318003 -0.025926 0.096000
  endloop
 endfacet
 facet normal 0.981262 -0.192679 0.000000
  outer loop
   vertex 0.318003 -0.025926 0.315000
   vertex 0.318003 -0.025926 0.096000
   vertex 0.320527 -0.013072 0.315000
  endloop
 endfacet
 facet normal 0.981262 -0.192679 0.000000
  outer loop
   vertex 0.320527 -0.013072 0.096000
   vertex 0.320527 -0.013072 0.315000
   vertex 0.318003 -0.025926 0.096000
  endloop
 endfacet
 facet normal -0.981262 0.192679 0.000000
  outer loop
   vertex 0.320527 -0.013072 0.315000
   vertex 0.318003 -0.025926 0.096000
   vertex 0.318003 -0.025926 0.315000
  endloop
 endfacet
 facet normal -0.981262 0.192679 0.000000
  outer loop
   vertex 0.318003 -0.025926 0.096000
   vertex 0.320527 -0.013072 0.315000
   vertex 0.320527 -0.013072 0.096000
  endloop
 endfacet
 facet normal 0.997912 -0.064583 0.000000
  outer loop
   vertex 0.320527 -0.013072 0.315000
   vertex 0.320527 -0.013072 0.096000
   vertex 0.321373 0.000000 0.315000
  endloop
 endfacet
 facet normal 0.997912 -0.064583 0.000000
  outer loop
   vertex 0.321373 0.000000 0.096000
   vertex 0.321373 0.000000 0.315000
   vertex 0.320527 -0.013072 0.096000
  endloop
 endfacet
 facet normal -0.997912 0.064583 0.000000
  outer loop
   vertex 0.321373 0.000000 0.315000
   vertex 0.320527 -0.013072 0.096000
   vertex 0.320527 -0.013072 0.315000
  endloop
 endfacet
 facet normal -0.997912 0.064583 0.000000
  outer loop
   vertex 0.320527 -0.013072 0.096000
   vertex 0.321373 0.000000 0.315000
   vertex 0.321373 0.000000 0.096000
  endloop
 endfacet
 facet normal 0.997912 0.064583 0.000000
  outer loop
   vertex 0.321373 0.000000 0.315000
   vertex 0.321373 0.000000 0.096000
   vertex 0.320527 0.013072 0.315000
  endloop
 endfacet
 facet normal 0.997912 0.064583 0.000000
  outer loop
   vertex 0.320527 0.013072 0.096000
   vertex 0.320527 0.013072 0.315000
   vertex 0.321373 0.000000 0.096000
  endloop
 endfacet
 facet normal -0.997912 -0.064583 0.000000
  outer loop
   vertex 0.320527 0.013072 0.315000
   vertex 0.321373 0.000000 0.096000
   vertex 0.321373 0.000000 0.315000
  endloop
 endfacet
 facet normal -0.997912 -0.064583 0.000000
  outer loop
   vertex 0.321373 0.000000 0.096000
   vertex 0.320527 0.013072 0.315000
   vertex 0.320527 0.013072 0.096000
  endloop
 endfacet
 facet normal 0.981262 0.192679 0.000000
  outer loop
   vertex 0.320527 0.013072 0.315000
   vertex 0.320527 0.013072 0.096000
   vertex 0.318003 0.025926 0.315000
  endloop
 endfacet
 facet normal 0.981262 0.192679 0.000000
  outer loop
   vertex 0.318003 0.025926 0.096000
   vertex 0.318003 0.025926 0.315000
   vertex 0.320527 0.013072 0.096000
  endloop
 endfacet
 facet normal -0.981262 -0.192679 0.000000
  outer loop
   vertex 0.318003 0.025926 0.315000
   vertex 0.320527 0.013072 0.096000
   vertex 0.320527 0.013072 0.315000
  endloop
 endfacet
 facet normal -0.981262 -0.192679 0.000000
  outer loop
   vertex 0.320527 0.013072 0.096000
   vertex 0.318003 0.025926 0.315000
   vertex 0.318003 0.025926 0.096000
  endloop
 endfacet
 facet normal 0.991447 -0.130513 0.000000
  outer loop
   vertex 0.448581 -0.018376 0.096000
   vertex 0.448581 -0.018376 0.002000
   vertex 0.451000 0.000000 0.096000
  endloop
 endfacet
 facet normal 0.991447 -0.130513 0.000000
  outer loop
   vertex 0.451000 0.000000 0.002000
   vertex 0.451000 0.000000 0.096000
   vertex 0.448581 -0.018376 0.002000
  endloop
 endfacet
 facet normal -0.991447 0.130513 0.000000
  outer loop
   vertex 0.451000 0.000000 0.096000
   vertex 0.448581 -0.018376 0.002000
   vertex 0.448581 -0.018376 0.096000
  endloop
 endfacet
 facet normal -0.991447 0.130513 0.000000
  outer loop
   vertex 0.448581 -0.018376 0.002000
   vertex 0.451000 0.000000 0.096000
   vertex 0.451000 0.000000 0.002000
  endloop
 endfacet
 facet normal 0.899408 0.437109 0.000000
  outer loop
   vertex 0.313844 0.038347 0.315000
   vertex 0.313844 0.038347 0.096000
   vertex 0.308118 0.050129 0.315000
  endloop
 endfacet
 facet normal 0.899408 0.437109 0.000000
  outer loop
   vertex 0.308118 0.050129 0.096000
   vertex 0.308118 0.050129 0.315000
   vertex 0.313844 0.038347 0.096000
  endloop
 endfacet
 facet normal -0.899408 -0.437109 0.000000
  outer loop
   vertex 0.308118 0.050129 0.315000
   vertex 0.313844 0.038347 0.096000
   vertex 0.313844 0.038347 0.315000
  endloop
 endfacet
 facet normal -0.899408 -0.437109 0.000000
  outer loop
   vertex 0.313844 0.038347 0.096000
   vertex 0.308118 0.050129 0.315000
   vertex 0.308118 0.050129 0.096000
  endloop
 endfacet
 facet normal 0.835545 0.549421 0.000000
  outer loop
   vertex 0.308118 0.050129 0.315000
   vertex 0.308118 0.050129 0.096000
   vertex 0.300921 0.061074 0.315000
  endloop
 endfacet
 facet normal 0.835545 0.549421 0.000000
  outer loop
   vertex 0.300921 0.061074 0.096000
   vertex 0.300921 0.061074 0.315000
   vertex 0.308118 0.050129 0.096000
  endloop
 endfacet
 facet normal -0.835545 -0.549421 0.000000
  outer loop
   vertex 0.300921 0.061074 0.315000
   vertex 0.308118 0.050129 0.096000
   vertex 0.308118 0.050129 0.315000
  endloop
 endfacet
 facet normal -0.835545 -0.549421 0.000000
  outer loop
   vertex 0.308118 0.050129 0.096000
   vertex 0.300921 0.061074 0.315000
   vertex 0.300921 0.061074 0.096000
  endloop
 endfacet
 facet normal 0.948255 0.317510 0.000000
  outer loop
   vertex 0.318003 0.025926 0.315000
   vertex 0.318003 0.025926 0.096000
   vertex 0.313844 0.038347 0.315000
  endloop
 endfacet
 facet normal 0.948255 0.317510 0.000000
  outer loop
   vertex 0.313844 0.038347 0.096000
   vertex 0.313844 0.038347 0.315000
   vertex 0.318003 0.025926 0.096000
  endloop
 endfacet
 facet normal -0.948255 -0.317510 0.000000
  outer loop
   vertex 0.313844 0.038347 0.315000
   vertex 0.318003 0.025926 0.096000
   vertex 0.318003 0.025926 0.315000
  endloop
 endfacet
 facet normal -0.948255 -0.317510 0.000000
  outer loop
   vertex 0.318003 0.025926 0.096000
   vertex 0.313844 0.038347 0.315000
   vertex 0.313844 0.038347 0.096000
  endloop
 endfacet
 facet normal -0.382684 -0.923879 0.000000
  outer loop
   vertex -0.035500 -0.061488 0.002000
   vertex -0.018376 -0.068581 0.002000
   vertex -0.035500 -0.061488 0.315000
  endloop
 endfacet
 facet normal -0.382684 -0.923879 0.000000
  outer loop
   vertex -0.018376 -0.068581 0.315000
   vertex -0.035500 -0.061488 0.315000
   vertex -0.018376 -0.068581 0.002000
  endloop
 endfacet
 facet normal 0.382684 0.923879 0.000000
  outer loop
   vertex -0.035500 -0.061488 0.315000
   vertex -0.018376 -0.068581 0.002000
   vertex -0.035500 -0.061488 0.002000
  endloop
 endfacet
 facet normal 0.382684 0.923879 0.000000
  outer loop
   vertex -0.018376 -0.068581 0.002000
   vertex -0.035500 -0.061488 0.315000
   vertex -0.018376 -0.068581 0.315000
  endloop
 endfacet
 facet normal -0.608743 -0.793368 0.000000
  outer loop
   vertex -0.050205 -0.050205 0.002000
   vertex -0.035500 -0.061488 0.002000
   vertex -0.050205 -0.050205 0.315000
  endloop
 endfacet
 facet normal -0.608743 -0.793368 0.000000
  outer loop
   vertex -0.035500 -0.061488 0.315000
   vertex -0.050205 -0.050205 0.315000
   vertex -0.035500 -0.061488 0.002000
  endloop
 endfacet
 facet normal 0.608743 0.793368 0.000000
  outer loop
   vertex -0.050205 -0.050205 0.315000
   vertex -0.035500 -0.061488 0.002000
   vertex -0.050205 -0.050205 0.002000
  endloop
 endfacet
 facet normal 0.608743 0.793368 0.000000
  outer loop
   vertex -0.035500 -0.061488 0.002000
   vertex -0.050205 -0.050205 0.315000
   vertex -0.035500 -0.061488 0.315000
  endloop
 endfacet
 facet normal 0.000000 0.000000 -1.000000
  outer loop
   vertex 0.118350 -0.076000 0.228110
   vertex 0.118350 -0.071000 0.228110
   vertex 0.122350 -0.076000 0.228110
  endloop
 endfacet
 facet normal 0.000000 0.000000 -1.000000
  outer loop
   vertex 0.122350 -0.071000 0.228110
   vertex 0.122350 -0.076000 0.228110
   vertex 0.118350 -0.071000 0.228110
  endloop
 endfacet
